# column 1: Target 
# column 2: M1: mean residual [pixel] 
# column 3: M1: mean residual [A], calculated from mean residual [pixel] * dispersion (= 2.6 [A/pixel]) 
# column 4: M2: mean residual [pixel] 
# column 5: M2: mean residual [A], calculated from mean residual [pixel] * dispersion (= 2.6 [A/pixel]) 
# 
Mask            M1        M2         M3          M4
fnx01q1      0.275209   0.715543   0.285171   0.741445 
fnx01q2      0.299330   0.778258   0.323799   0.841877 
fnx01q3      0.229495   0.596687   0.280106   0.728276 
fnx01q4      0.265331   0.689861   0.300026   0.780068 
fnx02q1      0.287720   0.748072   0.343078   0.892003 
fnx02q2      0.260768   0.677997   0.352894   0.917524 
fnx02q3      0.315721   0.820875   0.333594   0.867344 
fnx02q4      0.255862   0.665241   0.337995   0.878787 
fnx03q1      0.417382   1.085193   0.461005   1.198613 
fnx03q2      0.296019   0.769649   0.312391   0.812217 
fnx03q3      0.301028   0.782673   0.290879   0.756285 
fnx03q4      0.252324   0.656042   0.286260   0.744276 
fnx04q1      0.256365   0.666549   0.396709   1.031443 
fnx04q2      0.251590   0.654134   0.316135   0.821951 
fnx04q3      0.256787   0.667646   0.264732   0.688303 
fnx04q4      0.254768   0.662397   0.313886   0.816104 
fnx05q1      0.304002   0.790405   0.359606   0.934976 
fnx05q2      0.350079   0.910205   0.379913   0.987774 
fnx05q3      0.352076   0.915398   0.304371   0.791365 
fnx05q4      0.268829   0.698955   0.291758   0.758571 
fnx06q1      0.319625   0.831025   0.351359   0.913533 
fnx06q2      0.275143   0.715372   0.341049   0.886727 
fnx06q3      0.249400   0.648440   0.437106   1.136476 
fnx06q4      0.247151   0.642593   0.283117   0.736104 
fnx07q1      0.307539   0.799601   0.352662   0.916921 
fnx07q2      0.266283   0.692336   0.363409   0.944863 
fnx07q3      0.291575   0.758095   0.308732   0.802703 
fnx07q4      0.270301   0.702783   0.366055   0.951743 
fnx08q1      0.295356   0.767926   0.449544   1.168814 
fnx08q2      0.266979   0.694145   0.295304   0.767790 
fnx08q3      0.311871   0.810865   0.278190   0.723294 
fnx08q4      0.303904   0.790150   0.321224   0.835182 
fnx09q1      0.262777   0.683220   0.304467   0.791614 
fnx09q2      0.270384   0.702998   0.267614   0.695796 
fnx09q3      0.249771   0.649405   0.350100   0.910260 
fnx09q4      0.266259   0.692273   0.305504   0.794310 
fnx10q1      0.289923   0.753800   0.374428   0.973513 
fnx10q2      0.249693   0.649202   0.275988   0.717569 
fnx10q3      0.233828   0.607953   0.264779   0.688425 
fnx10q4      0.246547   0.641022   0.406584   1.057118 
fnx11q1    0.374134   0.972748   0.441727   1.148490 
#fnx11q1-2    0.300875   0.782275   0.320401   0.833043 
fnx11q2    0.271015   0.704639   0.366232   0.952203 
#fnx11q2-2    0.265952   0.691475   0.327347   0.851102 
fnx11q3    0.271367   0.705554   0.260671   0.677745 
#fnx11q3-2    0.258263   0.671484   0.256877   0.667880 
fnx11q4    0.270423   0.703100   0.292728   0.761093 
#fnx11q4-2    0.262614   0.682796   0.315643   0.820672 
fnx12q1      0.336363   0.874544   0.399076   1.037598 
fnx12q2      0.312427   0.812310   0.504981   1.312951 
fnx12q3      0.366550   0.953030   0.410563   1.067464 
fnx12q4      0.321633   0.836246   0.437204   1.136730 
fnx13q1    0.334392   0.869419   0.443729   1.153695 
#fnx13q1-2    0.347966   0.904712   0.572463   1.488404 
#fnx13q1-3    0.312237   0.811816   0.473290   1.230554 
fnx13q2    0.332746   0.865140   0.319179   0.829865 
#fnx13q2-2    0.247518   0.643547   0.261191   0.679097 
#fnx13q2-3    0.293052   0.761935   0.256962   0.668101 
fnx13q3    0.309282   0.804133   0.315700   0.820820 
#fnx13q3-2    0.280067   0.728174   0.256758   0.667571 
#fnx13q3-3    0.302001   0.785203   0.372824   0.969342 
fnx13q4    0.344916   0.896782   0.377347   0.981102 
#fnx13q4-2    0.278173   0.723250   0.300716   0.781862 
#fnx13q4-3    0.277493   0.721482   0.343864   0.894046 
fnx14q1      0.341019   0.886649   0.445931   1.159421 
fnx14q2      0.396851   1.031813   0.406170   1.056042 
fnx14q3      0.296265   0.770289   0.323127   0.840130 
fnx14q4      0.308131   0.801141   0.342959   0.891693 
#fnx15q1      0.395473   1.028230   0.435108   1.131281 
fnx15q1      0.290182   0.754473   0.357887   0.930506 
#fnx15q2      0.384371   0.999365   0.504567   1.311874 
fnx15q2      0.289828   0.753553   0.398975   1.037335 
#fnx15q3      0.375507   0.976318   0.360972   0.938527 
fnx15q3      0.302426   0.786308   0.325549   0.846427 
#fnx15q4      0.405986   1.055564   0.501057   1.302748 
fnx15q4      0.284291   0.739157   0.445549   1.158427 
fnx16q1      0.303012   0.787831   0.275845   0.717197 
fnx16q2      0.354625   0.922025   0.343764   0.893786 
fnx16q3      0.310575   0.807495   0.290704   0.755830 
fnx16q4      0.275137   0.715356   0.271437   0.705736 
fnx17q1      0.306109   0.795883   0.416181   1.082071 
fnx17q2      0.282213   0.733754   0.361482   0.939853 
fnx17q3      0.325681   0.846771   0.319361   0.830339 
fnx17q4      0.284422   0.739497   0.286786   0.745644 
fnx18q1      0.388323   1.009640   0.511347   1.329502 
fnx18q2      0.296754   0.771560   0.327548   0.851625 
fnx18q3      0.330681   0.859771   0.334887   0.870706 
fnx18q4      0.311436   0.809734   0.438890   1.141114 
fnx19q1      0.374214   0.972956   0.423030   1.099878 
fnx19q2      0.350086   0.910224   0.383419   0.996889 
fnx19q3      0.362343   0.942092   0.356056   0.925746 
fnx19q4      0.355533   0.924386   0.383041   0.995907 
fnx20q1      0.333180   0.866268   0.420218   1.092567 
fnx20q2      0.309461   0.804599   0.379206   0.985936 
fnx20q3      0.334677   0.870160   0.420997   1.094592 
fnx20q4      0.334201   0.868923   0.373408   0.970861 
fnx21q1      0.472016   1.227242   0.546113   1.419894 
fnx21q2      0.501133   1.302946   0.728543   1.894212 
fnx21q3      0.458773   1.192810   0.561013   1.458634 
fnx21q4      0.473279   1.230525   0.574849   1.494607 
fnx22q1    0.334652   0.870095   0.555917   1.445384 
#fnx22q1-2    0.386989   1.006171   0.575605   1.496573 
fnx22q2    0.354853   0.922618   0.346424   0.900702 
#fnx22q2-2    0.367698   0.956015   0.436944   1.136054 
fnx22q3    0.347430   0.903318   0.432224   1.123782 
#fnx22q3-2    0.389154   1.011800   0.483096   1.256050 
fnx22q4    0.308268   0.801497   0.308125   0.801125 
#fnx22q4-2    0.384014   0.998436   0.421673   1.096350 
fnx23q1      0.282001   0.733203   0.535453   1.392178 
fnx23q2      0.306012   0.795631   0.326836   0.849774 
fnx23q3      0.286568   0.745077   0.421842   1.096789 
fnx23q4      0.289765   0.753389   0.354281   0.921131 
fnx24q1    0.347424   0.903302   0.000000   0.000000 
#fnx24q1-2    0.390051   1.014133   0.000000   0.000000 
fnx24q2    0.307791   0.800257   0.286475   0.744835 
#fnx24q2-2    0.343157   0.892208   0.378557   0.984248 
fnx24q3    0.323817   0.841924   0.349306   0.908196 
#fnx24q3-2    0.385888   1.003309   0.390405   1.015053 
fnx24q4    0.404431   1.051521   0.425366   1.105952 
#fnx24q4-2    0.408829   1.062955   0.484664   1.260126 
fnx25q1      0.357357   0.929128   0.470154   1.222400 
fnx25q2      0.334948   0.870865   0.510606   1.327576 
fnx25q3      0.347678   0.903963   0.347718   0.904067 
fnx25q4      0.388825   1.010945   0.000000   0.000000 
